data path(type=corr);
     input _type_$_name_$ y x1-x11;   
cards;
corr y 1	0.94351	0.92036	0.9979	0.98808	0.98808	-0.51708	0.97412	0.99936	0.71084	-0.81818	0.98459
corr x1 0.94351	1	0.96294	0.93222	0.94517	0.94517	-0.40136	0.95549	0.93854	0.52279	-0.70576	0.9683
corr x2 0.92036	0.96294	1	0.9023	0.9431	0.9431	-0.35914	0.97464	0.90881	0.50369	-0.65993	0.97234
corr x3 0.9979	0.93222	0.9023	1	0.98726	0.98726	-0.51494	0.96741	0.99819	0.74289	-0.8284	0.97632
corr x4 0.98808	0.94517	0.9431	0.98726	1	1	-0.43199	0.99065	0.98382	0.72934	-0.78827	0.99042
corr x5 0.98808	0.94517	0.9431	0.98726	1	1	-0.43199	0.99065	0.98382	0.72934	-0.78827	0.99042
corr x6 -0.51708	-0.40136	-0.35914	-0.51494	-0.43199	-0.43199	1	-0.43593	-0.52239	-0.48014	0.76597	-0.46345
corr x7 0.97412	0.95549	0.97464	0.96741	0.99065	0.99065	-0.43593	1	0.96655	0.66822	-0.7617	0.99521
corr x8 0.99936	0.93854	0.90881	0.99819	0.98382	0.98382	-0.52239	0.96655	1	0.71464	-0.82368	0.97923
corr x9 0.71084	0.52279	0.50369	0.74289	0.72934	0.72934	-0.48014	0.66822	0.71464	1	-0.79612	0.65117
corr x10 -0.81818	-0.70576	-0.65993	-0.8284	-0.78827	-0.78827	0.76597	-0.7617	-0.82368	-0.79612	1	-0.77858
corr x11 0.98459	0.9683	0.97234	0.97632	0.99042	0.99042	-0.46345	0.99521	0.97923	0.65117	-0.77858	1
n df 17 17 17 17 17 17 17 17 17 17 17 17 17 17 17 17 17
;
proc print;
proc reg;
     model x6=x10 x4 x5/selection=stepwise;
run;
