maxh2 =

    0.0017


xg2 =

    40

yg2 =

  Columns 1 through 17

     6     7     6     6     7     6     6     6     7     6     6     6     6     6     7     6     6

  Columns 18 through 34

     6     6     6     6     6     6     6     6     6     6     6     6     6     5     6     6     6

  Columns 35 through 51

     6     6     5     6     6     5     6     6     6     5     6     5     6     6     5     6     5

  Columns 52 through 68

     6     5     6     5     6     5     6     5     5     6     5     6     5     5     6     5     5

  Columns 69 through 85

     5     6     5     5     5     5     5     6     5     5     5     5     5     5     5     5     5

  Columns 86 through 102

     5     5     5     5     5     5     5     4     5     5     5     5     4     5     5     5     4

  Columns 103 through 119

     5     5     4     5     5     4     5     5     4     5     4     5     4     5     4     5     4

  Columns 120 through 136

     4     5     4     5     4     4     5     4     4     5     4     4     4     4     5     4     4

  Columns 137 through 153

     4     4     4     4     5     4     4     4     4     4     4     4     4     4     4     3     4

  Columns 154 through 170

     4     4     4     4     3     4     4     4     4     3     4     4     3     4     4     3     4

  Columns 171 through 187

     4     3     4     3     4     3     4     3     4     3     4     3     3     4     3     4     3

  Columns 188 through 204

     3     4     3     3     3     4     3     3     3     4     3     3     3     3     3     3     3

  Columns 205 through 221

     3     3     3     3     3     3     3     3     3     3     3     3     3     3     3     2     3

  Columns 222 through 238

     3     3     2     3     3     3     2     3     3     2     3     3     2     3     2     3     2

  Columns 239 through 255

     3     2     3     2     3     2     3     2     3     2     2     3     2     2     3     2     2

  Columns 256 through 272

     2     3     2     2     2     2     3     2     2     2     2     2     2     2     2     2     2

  Columns 273 through 289

     2     2     2     2     2     2     2     2     2     2     1     2     2     2     2     1     2

  Columns 290 through 306

     2     1     2     2     2     1     2     1     2     2     1     2     1     2     1     2     1

  Columns 307 through 323

     2     1     2     1     2     1     1     2     1     1     2     1     1     1     2     1     1

  Columns 324 through 340

     1     2     1     1     1     1     1     1     2     1     1     1     1     1     1     1     1

  Columns 341 through 357

     1     1     1     0     1     1     1     1     1     1     0     1     1     1     0     1     1

  Columns 358 through 374

     1     0     1     1     0     1     0     1     1     0     1     0     1     0     1     0     1

  Columns 375 through 391

     0     1     0     0     1     0     1     0     0     1     0     0     0     1     0     0     0

  Columns 392 through 408

     1     0     0     0     0     0     0     1     0     0     0     0     0     0     0     0     0

  Columns 409 through 425

     0     0     0     0    -1     0     0     0     0     0     0    -1     0     0     0    -1     0

  Columns 426 through 442

     0    -1     0     0    -1     0     0    -1     0     0    -1     0    -1     0    -1     0    -1

  Columns 443 through 459

     0    -1     0    -1    -1     0    -1     0    -1    -1     0    -1    -1     0    -1    -1    -1

  Columns 460 through 476

     0    -1    -1    -1    -1     0    -1    -1    -1    -1    -1    -1    -1    -1    -1    -1    -1

  Columns 477 through 493

    -1    -1    -1    -1    -1    -1    -1    -1    -1    -1    -1    -1    -2    -1    -1    -1    -1

  Columns 494 through 510

    -2    -1    -1    -1    -2    -1    -1    -2    -1    -1    -2    -1    -1    -2    -1    -2    -1

  Columns 511 through 527

    -2    -1    -2    -1    -2    -1    -2    -1    -2    -1    -2    -2    -1    -2    -1    -2    -2

  Columns 528 through 544

    -1    -2    -2    -2    -1    -2    -2    -2    -1    -2    -2    -2    -2    -1    -2    -2    -2

  Columns 545 through 561

    -2    -2    -2    -2    -2    -2    -2    -2    -2    -2    -2    -2    -2    -2    -2    -2    -2

  Columns 562 through 578

    -2    -2    -3    -2    -2    -2    -2    -3    -2    -2    -2    -3    -2    -2    -2    -3    -2

  Columns 579 through 595

    -2    -3    -2    -2    -3    -2    -3    -2    -2    -3    -2    -3    -2    -3    -2    -3    -2

  Columns 596 through 612

    -3    -2    -3    -3    -2    -3    -2    -3    -3    -2    -3    -3    -2    -3    -3    -3    -2

  Columns 613 through 629

    -3    -3    -3    -2    -3    -3    -3    -3    -2    -3    -3    -3    -3    -3    -3    -3    -3

  Columns 630 through 646

    -3    -3    -3    -3    -3    -3    -3    -3    -3    -3    -3    -3    -3    -3    -3    -3    -3

  Columns 647 through 663

    -4    -3    -3    -3    -3    -4    -3    -3    -3    -3    -4    -3    -3    -4    -3    -3    -4

  Columns 664 through 680

    -3    -3    -4    -3    -3    -4    -3    -4    -3    -4    -3    -3    -4    -3    -4    -3    -4

  Columns 681 through 697

    -4    -3    -4    -3    -4    -3    -4    -4    -3    -4    -4    -3    -4    -4    -3    -4    -4

  Columns 698 through 714

    -3    -4    -4    -4    -3    -4    -4    -4    -4    -3    -4    -4    -4    -4    -4    -4    -3

  Columns 715 through 731

    -4    -4    -4    -4    -4    -4    -4    -4    -4    -4    -4    -4    -4    -4    -4    -4    -4

  Columns 732 through 748

    -4    -4    -5    -4    -4    -4    -4    -4    -4    -5    -4    -4    -4    -4    -5    -4    -4

  Columns 749 through 765

    -4    -5    -4    -4    -4    -5    -4    -4    -5    -4    -4    -5    -4    -5    -4    -4    -5

  Columns 766 through 782

    -4    -5    -4    -5    -4    -5    -4    -4    -5    -5    -4    -5    -4    -5    -4    -5    -4

  Columns 783 through 799

    -5    -5    -4    -5    -4    -5    -5    -4    -5    -5    -4    -5    -5    -5    -4    -5    -5

  Columns 800 through 816

    -5    -4    -5    -5    -5    -4    -5    -5    -5    -5    -5    -4    -5    -5    -5    -5    -5

  Columns 817 through 833

    -5    -5    -5    -5    -4    -5    -5    -5    -5    -5    -5    -5    -5    -5    -5    -6    -5

  Columns 834 through 850

    -5    -5    -5    -5    -5    -5    -5    -5    -5    -6    -5    -5    -5    -5    -5    -6    -5

  Columns 851 through 867

    -5    -5    -5    -6    -5    -5    -5    -6    -5    -5    -6    -5    -5    -6    -5    -5    -6

  Columns 868 through 884

    -5    -5    -6    -5    -5    -6    -5    -6    -5    -5    -6    -5    -6    -5    -6    -5    -6

  Columns 885 through 901

    -5    -6    -5    -6    -5    -6    -5    -6    -5    -6    -6    -5    -6    -5    -6    -6    -5

  Columns 902 through 918

    -6    -5    -6    -6    -5    -6    -6    -5    -6    -6    -5    -6    -6    -6    -5    -6    -6

  Columns 919 through 935

    -6    -5    -6    -6    -6    -5    -6    -6    -6    -6    -6    -5    -6    -6    -6    -6    -6

  Columns 936 through 952

    -6    -5    -6    -6    -6    -6    -6    -6    -6    -6    -6    -6    -6    -6    -6    -6    -6

  Columns 953 through 969

    -6    -6    -6    -6    -6    -6    -6    -6    -6    -6    -6    -6    -6    -6    -6    -7    -6

  Columns 970 through 986

    -6    -6    -6    -6    -6    -6    -7    -6    -6    -6    -6    -6    -7    -6    -6    -6    -7

  Columns 987 through 1003

    -6    -6    -6    -6    -7    -6    -6    -7    -6    -6    -6    -7    -6    -6    -7    -6    -6

  Columns 1004 through 1020

    -7    -6    -6    -7    -6    -6    -7    -6    -7    -6    -6    -7    -6    -7    -6    -6    -7

