X1

	1	2	3	4	5	6	7	8	9	10	11	12	13	14	15	16	74
1	0	31	27	38	51	58	71	67	57	47	52	48	21	41	52	61	27
2	31	0	19	33	27	32	45	64	53	47	61	57	52	48	56	63	36
3	27	19	0	14	27	34	47	49	39	29	42	38	38	29	38	44	17
4	38	33	14	0	13	20	33	35	25	15	33	32	32	15	24	30	11
5	51	27	27	13	0	9	21	37	26	26	43	45	45	28	29	38	24
6	58	32	34	20	9	0	13	32	32	35	47	52	52	35	33	42	31
7	71	45	47	33	21	13	0	19	30	39	50	65	65	48	44	40	44
8	67	64	49	35	37	32	19	0	11	20	31	54	61	34	25	21	40
9	57	53	39	25	26	32	30	11	0	10	20	43	51	24	14	13	30
10	47	47	29	15	26	35	39	20	10	0	18	36	41	14	9	18	20
11	52	61	42	33	43	47	50	31	20	18	0	23	46	25	14	23	25
12	48	57	38	32	45	52	65	54	43	36	23	0	27	22	33	42	21
13	21	52	38	32	45	52	65	61	51	41	46	27	0	39	48	57	21
14	41	48	29	15	28	35	48	34	24	14	25	22	39	0	11	20	18
15	52	56	38	24	29	33	44	25	14	9	14	33	48	11	0	9	27
16	61	63	44	30	38	42	40	21	13	18	23	42	57	20	9	0	36
74	27	36	17	11	24	31	44	40	30	20	25	21	21	18	27	36	0


x2

	17	18	19	20	21	22	23	24	25	26	75
17	0	38	30	42	42	51	63	81	61	69	22
18	38	0	39	36	36	45	57	75	55	63	16
19	30	39	0	15	40	49	58	63	43	42	24
20	42	36	15	0	25	34	43	48	28	27	20
21	42	36	40	25	0	9	21	39	19	32	20
22	51	45	49	34	9	0	19	39	27	40	29
23	63	57	58	43	21	19	0	20	22	35	41
24	81	75	63	48	39	39	20	0	20	33	59
25	61	55	43	28	19	27	22	20	0	13	39
26	69	63	42	27	32	40	35	33	13	0	47
75	22	16	24	20	20	29	41	59	39	47	0


x3

	27	28	29	30	31	32	33	76
27	0	32	52	61	43	72	53	34
28	32	0	20	29	11	40	21	24
29	52	20	0	17	9	28	30	43
30	61	29	17	0	18	11	39	52
31	43	11	9	18	0	29	21	34
32	72	40	28	11	29	0	42	62
33	53	21	30	39	21	42	0	20
76	34	24	43	52	34	62	20	0


x4

	34	35	36	37	38	39	40	41	42	43	77
34	0	15	44	47	64	83	86	75	93	98	71
35	15	0	29	32	49	68	71	60	78	83	56
36	44	29	0	20	37	53	42	31	49	54	27
37	47	32	20	0	17	36	42	39	60	57	30
38	64	49	37	17	0	19	37	37	58	55	28
39	83	68	53	36	19	0	18	35	56	47	26
40	86	71	42	42	37	18	0	24	38	29	15
41	75	60	31	39	37	35	24	0	21	26	9
42	93	78	49	60	58	56	38	21	0	29	30
43	98	83	54	57	55	47	29	26	29	0	27
77	71	56	27	30	28	26	15	9	30	27	0


x5

	44	45	46	47	48	49	50	51	52	53	54	55	56	57	78
44	0	20	22	31	40	50	58	41	58	69	91	93	121	108	72
45	20	0	15	11	20	34	49	30	50	58	80	84	112	100	61
46	22	15	0	18	25	28	36	19	36	47	69	71	99	86	50
47	31	11	18	0	9	23	38	19	39	47	69	73	101	89	50
48	40	20	25	9	0	17	32	20	40	48	70	74	102	90	51
49	50	34	28	23	17	0	15	15	35	37	57	63	91	81	35
50	58	49	36	38	32	15	0	22	27	22	42	48	76	66	20
51	41	30	19	19	20	15	22	0	20	28	50	54	82	70	31
52	58	50	36	39	40	35	27	20	0	18	49	35	63	50	31
53	69	58	47	47	48	37	22	28	18	0	40	26	54	44	19
54	91	80	69	69	70	57	42	50	49	40	0	14	42	33	22
55	93	84	71	73	74	63	48	54	35	26	14	0	28	41	36
56	121	112	99	101	102	91	76	82	63	54	42	28	0	13	64
57	108	100	86	89	90	81	66	70	50	44	33	41	13	0	55
78	72	61	50	50	51	35	20	31	31	19	22	36	64	55	0


D

	0	58	59	60	61	62	63	64	65	66	67	68	69	70	71	72	73	74	75	76	77	78
0	0	63	45	43	22	40	41	55	45	22	18	34	25	36	21	19	28	92	89	98	66	124
58	63	0	21	37	41	45	86	101	90	67	76	97	88	99	84	76	71	97	134	143	116	61
59	45	21	0	17	23	29	68	83	72	49	58	79	70	81	66	56	51	81	116	125	96	79
60	43	37	17	0	40	33	74	96	85	62	61	77	68	75	58	39	34	85	122	138	79	96
61	22	41	23	40	0	19	45	60	49	26	35	56	47	58	43	41	50	71	93	102	88	102
62	40	45	29	33	19	0	41	68	63	42	51	73	65	76	61	59	67	52	89	116	106	106
63	41	86	68	74	45	41	0	27	22	19	32	39	49	60	61	60	69	70	48	75	107	147
64	55	101	83	96	60	68	27	0	18	34	37	44	55	66	73	74	83	85	44	58	121	162
65	45	90	72	85	49	63	22	18	0	23	30	26	37	48	57	64	73	92	59	53	109	151
66	22	67	49	62	26	42	19	34	23	0	13	34	30	41	42	41	50	89	67	76	88	128
67	18	76	58	61	35	51	32	37	30	13	0	22	22	31	36	37	46	102	80	83	84	137
68	34	97	79	77	56	73	39	44	26	34	22	0	16	24	36	46	58	109	85	66	88	158
69	25	88	70	68	47	65	49	55	37	30	22	16	0	11	20	30	42	117	96	82	72	149
70	36	99	81	75	58	76	60	66	48	41	31	24	11	0	17	36	48	128	107	79	65	160
71	21	84	66	58	43	61	61	73	57	42	36	36	20	17	0	19	31	113	109	96	52	145
72	19	76	56	39	41	59	60	74	64	41	37	46	30	36	19	0	13	111	108	112	47	135
73	28	71	51	34	50	67	69	83	73	50	46	58	42	48	31	13	0	119	117	124	45	130
74	92	97	81	85	71	52	70	85	92	89	102	109	117	128	113	111	119	0	62	116	158	107
75	89	134	116	122	93	89	48	44	59	67	80	85	96	107	109	108	117	62	0	54	155	169
76	98	143	125	138	102	116	75	58	53	76	83	66	82	79	96	112	124	116	54	0	133	204
77	66	116	96	79	88	106	107	121	109	88	84	88	72	65	52	47	45	158	155	133	0	119
78	124	61	79	96	102	106	147	162	151	128	137	158	149	160	145	135	130	107	169	204	119	0


all

	0	1	2	3	4	5	6	7	8	9	10	11	12	13	14	15	16	17	18	19	20	21	22	23	24	25	26	27	28	29	30	31	32	33	34	35	36	37	38	39	40	41	42	43	44	45	46	47	48	49	50	51	52	53	54	55	56	57	58	59	60	61	62	63	64	65	66	67	68	69	70	71	72	73	74	75	76	77	78
0	0	119	115	101	87	88	94	85	66	62	72	70	93	113	79	68	59	111	73	112	109	109	115	130	148	128	136	95	74	57	63	66	74	87	71	56	51	71	88	92	81	57	46	72	84	104	102	115	124	120	120	105	93	109	121	128	120	111	63	45	43	22	40	41	55	45	22	18	34	25	36	21	19	28	92	89	98	66	124
1	119	0	31	27	38	51	58	71	67	57	47	52	48	21	41	52	61	70	82	100	109	109	118	130	148	128	136	109	141	143	160	151	171	162	170	175	170	190	207	211	200	176	165	179	159	175	162	164	165	154	139	145	126	117	105	91	63	76	124	108	112	98	79	95	112	117	114	127	134	144	155	140	138	146	27	89	143	185	127
2	115	31	0	19	33	27	32	45	64	53	47	61	57	52	48	56	63	79	91	109	118	118	127	139	157	137	145	118	148	148	165	157	176	169	175	171	166	186	203	207	196	172	161	173	153	144	131	133	134	123	108	114	95	86	74	60	32	45	120	104	108	94	75	97	121	119	116	126	136	140	151	136	134	142	36	98	152	181	96
3	101	27	19	0	14	27	34	47	49	39	29	42	38	38	29	38	44	60	72	90	99	99	108	120	138	118	126	99	129	129	146	138	157	150	156	157	152	172	189	193	182	158	147	161	141	155	141	144	145	136	121	125	105	99	88	79	51	55	106	90	94	80	61	78	102	100	97	110	117	126	137	122	120	128	17	79	133	167	110
4	87	38	33	14	0	13	20	33	35	25	15	33	32	32	15	24	30	54	66	84	93	93	102	114	132	112	120	93	115	115	132	124	143	136	142	143	138	158	175	179	168	144	133	147	127	141	127	130	131	122	107	111	91	85	74	74	46	41	92	76	80	66	47	64	91	86	83	96	103	112	123	108	106	114	11	73	127	153	96
5	88	51	27	27	13	0	9	21	37	26	26	43	45	45	28	29	38	67	79	97	106	106	115	127	145	125	133	106	123	123	140	132	151	144	150	144	139	159	176	180	169	145	134	148	128	130	116	119	120	111	96	100	80	74	63	63	35	30	93	77	81	67	48	72	99	94	90	99	111	113	124	109	107	115	24	86	140	154	85
6	94	58	32	34	20	9	0	13	32	32	35	47	52	52	35	33	42	74	86	104	113	113	122	134	152	132	140	113	127	127	144	136	155	148	154	150	145	165	182	186	175	151	140	149	129	121	107	110	111	102	87	91	71	65	54	54	26	21	99	83	87	73	54	76	103	98	95	105	115	119	130	115	113	121	31	93	147	160	76
7	85	71	45	47	33	21	13	0	19	30	39	50	65	65	48	44	40	87	99	117	126	126	135	147	165	145	153	126	125	125	142	134	153	146	152	141	136	156	173	177	166	142	131	145	125	126	112	115	116	107	92	96	76	70	59	67	39	26	90	74	78	64	45	74	101	96	87	96	113	110	121	106	104	112	44	106	149	151	81
8	66	67	64	49	35	37	32	19	0	11	20	31	54	61	34	25	21	80	87	110	115	115	124	136	154	134	142	115	106	106	123	115	134	127	133	122	117	137	154	158	147	123	112	126	106	126	118	132	133	126	111	113	95	89	78	86	58	45	71	55	59	45	26	55	82	77	68	77	94	91	102	87	85	93	40	95	130	132	100
9	62	57	53	39	25	26	32	30	11	0	10	20	43	51	24	14	13	69	79	99	104	104	113	125	143	123	131	104	98	98	115	107	126	119	125	118	113	133	150	154	143	119	108	122	102	122	114	128	129	124	119	109	97	97	86	86	58	53	67	51	55	41	22	47	74	69	64	73	86	87	98	83	81	89	30	84	122	128	108
10	72	47	47	29	15	26	35	39	20	10	0	18	36	41	14	9	18	62	75	92	97	97	106	118	136	116	124	97	103	103	120	112	131	124	130	128	123	143	160	164	153	129	118	132	112	132	124	138	139	134	122	119	106	100	89	89	61	56	77	61	65	51	32	52	79	74	71	83	91	97	108	93	91	99	20	77	127	138	111
11	70	52	61	42	33	43	47	50	31	20	18	0	23	46	25	14	23	49	80	79	84	84	93	105	123	103	111	84	108	108	125	117	136	129	135	126	121	141	158	162	151	127	116	130	110	130	122	136	137	132	132	117	105	112	101	101	73	68	75	59	63	49	30	57	84	79	72	81	96	95	106	91	89	97	25	64	118	136	123
12	93	48	57	38	32	45	52	65	54	43	36	23	0	27	22	33	42	26	57	56	61	61	70	82	100	80	88	61	93	113	122	104	133	114	132	147	144	164	181	185	174	150	139	153	133	153	145	159	160	154	139	140	123	117	106	106	78	73	98	82	86	72	53	76	85	98	95	104	115	118	129	114	112	120	21	41	95	159	128
13	113	21	52	38	32	45	52	65	61	51	41	46	27	0	39	48	57	53	76	83	88	88	97	109	127	107	115	88	120	137	149	131	160	141	159	169	164	184	201	205	194	170	159	173	153	173	159	162	163	154	139	143	123	117	106	106	78	73	118	102	106	92	73	91	106	113	110	123	130	138	149	134	132	140	21	68	122	179	128
14	79	41	48	29	15	28	35	48	34	24	14	25	22	39	0	11	20	48	73	78	83	83	92	104	122	102	110	83	105	105	122	114	133	126	132	134	130	150	167	171	160	136	125	139	119	139	131	145	146	137	122	126	106	100	89	89	61	56	84	68	72	58	39	54	81	76	73	86	93	103	114	100	98	106	18	63	117	145	111
15	68	52	56	38	24	29	33	44	25	14	9	14	33	48	11	0	9	59	75	89	94	94	103	115	133	113	121	94	94	94	111	103	122	115	121	123	119	139	156	160	149	125	114	128	108	128	120	134	135	130	120	115	103	98	87	87	59	54	73	57	61	47	28	43	70	65	62	75	82	92	103	89	87	95	27	74	118	134	109
16	59	61	63	44	30	38	42	40	21	13	18	23	42	57	20	9	0	68	66	98	102	102	111	123	141	121	129	95	85	85	102	94	113	106	112	114	110	130	147	151	140	116	105	119	99	119	111	125	126	121	121	106	94	107	96	96	68	63	64	48	52	38	19	34	61	56	53	66	73	83	94	80	78	86	36	82	109	125	118
17	111	70	79	60	54	67	74	87	80	69	62	49	26	53	48	59	68	0	38	30	42	42	51	63	81	61	69	42	74	94	103	85	114	95	113	128	157	160	177	196	192	168	157	179	159	179	171	184	185	176	161	165	145	139	128	128	100	95	124	108	112	98	79	70	66	81	89	102	107	118	129	131	130	139	43	22	76	177	150
18	73	82	91	72	66	79	86	99	87	79	75	80	57	76	73	75	66	38	0	39	36	36	45	57	75	55	63	29	61	61	78	69	89	82	88	103	123	135	152	165	154	130	119	145	153	173	165	179	180	175	173	160	148	151	140	140	112	107	118	100	106	77	73	32	30	43	51	64	69	80	91	93	92	101	55	16	63	139	162
19	112	100	109	90	84	97	104	117	110	99	92	79	56	83	78	89	98	30	39	0	15	40	49	58	63	43	42	44	76	96	105	87	116	97	115	130	159	162	179	198	193	169	158	184	189	209	201	214	215	206	191	195	175	169	158	158	130	125	154	138	142	116	109	71	68	82	90	103	108	119	130	132	131	140	73	24	78	178	180
20	109	109	118	99	93	106	113	126	115	104	97	84	61	88	83	94	102	42	36	15	0	25	34	43	48	28	27	40	72	92	101	83	112	89	111	126	155	158	175	194	190	166	155	181	189	209	201	215	216	211	200	196	184	178	167	167	139	134	154	136	142	113	109	68	64	79	87	100	105	116	127	129	128	137	82	20	69	175	189
21	109	109	118	99	93	106	113	126	115	104	97	84	61	88	83	94	102	42	36	40	25	0	9	21	39	19	32	21	53	73	82	64	93	64	92	107	136	139	156	175	178	166	155	181	189	209	201	215	216	211	200	196	184	178	167	167	139	134	154	136	142	113	109	68	64	71	87	100	96	108	109	126	128	137	82	20	44	163	189
22	115	118	127	108	102	115	122	135	124	113	106	93	70	97	92	103	111	51	45	49	34	9	0	19	39	27	40	20	52	72	81	63	92	55	91	106	135	138	155	174	177	166	161	187	198	218	210	221	222	217	209	202	190	187	176	176	148	143	160	142	151	119	118	77	73	70	93	100	95	107	108	125	134	143	91	29	35	162	198
23	130	130	139	120	114	127	134	147	136	125	118	105	82	109	104	115	123	63	57	58	43	21	19	0	20	22	35	39	71	91	100	82	111	74	110	125	154	157	174	193	196	185	176	202	210	230	222	236	237	232	221	217	205	199	188	188	160	155	175	157	163	134	130	89	85	89	108	119	114	126	127	144	149	158	103	41	54	181	210
24	148	148	157	138	132	145	152	165	154	143	136	123	100	127	122	133	141	81	75	63	48	39	39	20	0	20	33	59	91	111	120	102	131	94	130	145	174	177	194	213	216	205	194	220	228	248	240	254	255	250	239	235	223	217	206	206	178	173	193	175	181	152	148	107	103	109	126	139	134	146	147	164	167	176	121	59	74	201	228
25	128	128	137	118	112	125	132	145	134	123	116	103	80	107	102	113	121	61	55	43	28	19	27	22	20	0	13	40	72	92	101	83	112	82	111	126	155	158	175	194	197	185	174	200	208	228	220	234	235	230	219	215	203	197	186	186	158	153	173	155	161	132	128	87	83	90	106	119	115	127	128	145	147	156	101	39	62	182	208
26	136	136	145	126	120	133	140	153	142	131	124	111	88	115	110	121	129	69	63	42	27	32	40	35	33	13	0	53	85	105	114	96	125	95	124	139	168	171	188	207	210	193	182	208	216	236	228	242	243	238	227	223	211	205	194	194	166	161	181	163	169	140	136	95	91	103	114	127	128	140	141	156	155	164	109	47	75	195	216
27	95	109	118	99	93	106	113	126	115	104	97	84	61	88	83	94	95	42	29	44	40	21	20	39	59	40	53	0	32	52	61	43	72	53	71	86	115	118	135	154	157	146	141	167	179	199	194	201	202	197	197	182	170	178	167	167	139	134	140	122	135	99	102	61	59	50	73	80	75	87	88	105	114	123	82	20	34	142	189
28	74	141	148	129	115	123	127	125	106	98	103	108	93	120	105	94	85	74	61	76	72	53	52	71	91	72	85	32	0	20	29	11	40	21	39	54	83	86	103	122	125	114	116	137	154	174	173	180	181	176	176	161	149	165	177	181	153	148	119	101	114	78	92	51	47	29	52	59	43	59	56	73	89	101	114	52	24	110	180
29	57	143	148	129	115	123	127	125	106	98	103	108	113	137	105	94	85	94	61	96	92	73	72	91	111	92	105	52	20	0	17	9	28	30	27	42	71	74	91	110	113	102	96	125	134	154	156	165	174	175	175	160	148	164	176	181	153	148	118	100	100	77	92	51	31	29	52	42	23	39	44	59	69	81	116	72	43	98	179
30	63	160	165	146	132	140	144	142	123	115	120	125	122	149	122	111	102	103	78	105	101	82	81	100	120	101	114	61	29	17	0	18	11	39	10	25	54	57	74	93	96	85	90	108	128	148	150	159	168	178	183	168	156	172	184	191	170	165	126	108	102	85	101	68	48	46	63	50	40	38	27	44	63	75	133	81	52	81	187
31	66	151	157	138	124	132	136	134	115	107	112	117	104	131	114	103	94	85	69	87	83	64	63	82	102	83	96	43	11	9	18	0	29	21	28	43	72	75	92	111	114	103	105	126	143	163	165	174	183	184	184	169	157	173	185	190	162	157	127	109	109	86	101	60	39	38	61	51	32	48	45	62	78	90	124	63	34	99	188
32	74	171	176	157	143	151	155	153	134	126	131	136	133	160	133	122	113	114	89	116	112	93	92	111	131	112	125	72	40	28	11	29	0	42	7	22	51	54	71	90	93	82	100	105	125	145	147	156	165	175	183	166	167	183	195	202	181	176	137	119	113	96	112	79	59	57	74	61	51	49	38	55	74	86	144	92	62	78	197
33	87	162	169	150	136	144	148	146	127	119	124	129	114	141	126	115	106	95	82	97	89	64	55	74	94	82	95	53	21	30	39	21	42	0	49	64	93	96	113	132	135	124	126	147	164	184	186	195	202	197	197	182	170	186	198	202	174	169	140	122	130	99	113	72	60	50	73	72	53	69	66	83	99	111	135	73	20	120	201
34	71	170	175	156	142	150	154	152	133	125	130	135	132	159	132	121	112	113	88	115	111	92	91	110	130	111	124	71	39	27	10	28	7	49	0	15	44	47	64	83	86	75	93	98	118	138	140	149	158	168	176	159	164	180	192	199	180	175	134	116	108	93	111	78	58	56	73	60	50	46	35	50	69	81	143	91	62	71	190
35	56	175	171	157	143	144	150	141	122	118	128	126	147	169	134	123	114	128	103	130	126	107	106	125	145	126	139	86	54	42	25	43	22	64	15	0	29	32	49	68	71	60	78	83	103	123	125	134	143	153	161	144	149	165	177	184	176	167	119	101	93	78	96	80	73	68	61	51	44	31	20	35	54	66	148	106	77	56	175
36	51	170	166	152	138	139	145	136	117	113	123	121	144	164	130	119	110	157	123	159	155	136	135	154	174	155	168	115	83	71	54	72	51	93	44	29	0	20	37	53	42	31	49	54	74	94	96	105	114	124	132	115	132	143	165	167	171	162	114	96	88	73	91	91	102	86	72	66	62	49	38	30	49	54	143	135	106	27	146
37	71	190	186	172	158	159	165	156	137	133	143	141	164	184	150	139	130	160	135	162	158	139	138	157	177	158	171	118	86	74	57	75	54	96	47	32	20	0	17	36	42	39	60	57	77	97	99	108	117	127	135	118	135	146	168	170	191	182	134	116	108	93	111	111	105	100	92	83	76	63	52	50	69	74	163	138	109	30	149
38	88	207	203	189	175	176	182	173	154	150	160	158	181	201	167	156	147	177	152	179	175	156	155	174	194	175	188	135	103	91	74	92	71	113	64	49	37	17	0	19	37	37	58	55	75	95	97	106	115	125	133	116	133	144	166	168	196	183	144	124	107	110	128	128	122	117	109	100	93	80	69	67	75	73	180	155	126	28	147
39	92	211	207	193	179	180	186	177	158	154	164	162	185	205	171	160	151	196	165	198	194	175	174	193	213	194	207	154	122	110	93	111	90	132	83	68	53	36	19	0	18	35	56	47	67	87	89	98	107	117	125	108	125	136	158	160	188	175	142	122	105	114	132	133	141	135	114	110	112	98	88	78	73	71	184	174	145	26	139
40	81	200	196	182	168	169	175	166	147	143	153	151	174	194	160	149	140	192	154	193	190	178	177	196	216	197	210	157	125	113	96	114	93	135	86	71	42	42	37	18	0	24	38	29	49	69	71	80	89	99	107	90	107	118	140	142	170	157	131	111	94	103	121	122	136	124	103	99	103	87	80	67	62	60	173	170	148	15	121
41	57	176	172	158	144	145	151	142	123	119	129	127	150	170	136	125	116	168	130	169	166	166	166	185	205	185	193	146	114	102	85	103	82	124	75	60	31	39	37	35	24	0	21	26	46	66	68	77	86	96	104	87	104	115	137	139	167	154	107	87	70	79	97	98	112	100	79	75	79	63	60	43	38	36	149	146	137	9	118
42	46	165	161	147	133	134	140	131	112	108	118	116	139	159	125	114	105	157	119	158	155	155	161	176	194	174	182	141	116	96	90	105	100	126	93	78	49	60	58	56	38	21	0	29	38	58	60	69	78	88	96	79	96	107	129	131	159	146	94	74	57	68	86	87	101	91	68	64	73	57	63	46	27	23	138	135	139	30	110
43	72	179	173	161	147	148	149	145	126	122	132	130	153	173	139	128	119	179	145	184	181	181	187	202	220	200	208	167	137	125	108	126	105	147	98	83	54	57	55	47	29	26	29	0	20	40	42	51	60	70	78	61	78	89	111	113	141	128	103	84	67	94	100	113	127	117	94	90	102	86	86	69	56	44	152	161	160	27	92
44	84	159	153	141	127	128	129	125	106	102	112	110	133	153	119	108	99	159	153	189	189	189	198	210	228	208	216	179	154	134	128	143	125	164	118	103	74	77	75	67	49	46	38	20	0	20	22	31	40	50	58	41	58	69	91	93	121	108	83	64	47	87	80	121	139	129	106	102	111	95	101	84	65	61	132	169	177	47	72
45	104	175	144	155	141	130	121	126	126	122	132	130	153	173	139	128	119	179	173	209	209	209	218	230	248	228	236	199	174	154	148	163	145	184	138	123	94	97	95	87	69	66	58	40	20	0	15	11	20	34	49	30	50	58	80	84	112	100	72	84	67	107	100	141	159	149	126	122	131	115	121	104	85	81	152	189	197	67	61
46	102	162	131	141	127	116	107	112	118	114	124	122	145	159	131	120	111	171	165	201	201	201	210	222	240	220	228	194	173	156	150	165	147	186	140	125	96	99	97	89	71	68	60	42	22	15	0	18	25	28	36	19	36	47	69	71	99	86	61	76	59	99	92	133	155	144	121	120	133	117	123	106	87	83	138	181	197	69	50
47	115	164	133	144	130	119	110	115	132	128	138	136	159	162	145	134	125	184	179	214	215	215	221	236	254	234	242	201	180	165	159	174	156	195	149	134	105	108	106	98	80	77	69	51	31	11	18	0	9	23	38	19	39	47	69	73	101	89	61	82	77	102	106	147	162	151	128	133	142	126	132	115	96	92	141	195	204	78	50
48	124	165	134	145	131	120	111	116	133	129	139	137	160	163	146	135	126	185	180	215	216	216	222	237	255	235	243	202	181	174	168	183	165	202	158	143	114	117	115	107	89	86	78	60	40	20	25	9	0	17	32	20	40	48	70	74	102	90	62	83	84	103	107	148	163	152	129	138	151	135	141	124	105	101	142	196	205	87	51
49	120	154	123	136	122	111	102	107	126	124	134	132	154	154	137	130	121	176	175	206	211	211	217	232	250	230	238	197	176	175	178	184	175	197	168	153	124	127	125	117	99	96	88	70	50	34	28	23	17	0	15	15	35	37	57	63	91	81	57	78	87	98	102	143	158	147	124	133	154	145	151	134	115	111	133	191	200	97	35
50	120	139	108	121	107	96	87	92	111	119	122	132	139	139	122	120	121	161	173	191	200	200	209	221	239	219	227	197	176	175	183	184	183	197	176	161	132	135	133	125	107	104	96	78	58	49	36	38	32	15	0	22	27	22	42	48	76	66	57	75	92	98	102	143	158	147	124	133	154	145	156	141	123	119	118	180	200	105	20
51	105	145	114	125	111	100	91	96	113	109	119	117	140	143	126	115	106	165	160	195	196	196	202	217	235	215	223	182	161	160	168	169	166	182	159	144	115	118	116	108	90	87	79	61	41	30	19	19	20	15	22	0	20	28	50	54	82	70	42	63	78	83	87	128	143	132	109	118	139	130	141	125	106	102	122	176	185	88	31
52	93	126	95	105	91	80	71	76	95	97	106	105	123	123	106	103	94	145	148	175	184	184	190	205	223	203	211	170	149	148	156	157	167	170	164	149	132	135	133	125	107	104	96	78	58	50	36	39	40	35	27	20	0	18	49	35	63	50	30	48	65	71	75	116	131	120	97	106	127	118	129	114	104	99	102	164	173	105	31
53	109	117	86	99	85	74	65	70	89	97	100	112	117	117	100	98	107	139	151	169	178	178	187	199	217	197	205	178	165	164	172	173	183	186	180	165	143	146	144	136	118	115	107	89	69	58	47	47	48	37	22	28	18	0	40	26	54	44	46	66	83	87	91	132	147	136	113	122	143	134	145	130	122	117	96	158	189	116	19
54	121	105	74	88	74	63	54	59	78	86	89	101	106	106	89	87	96	128	140	158	167	167	176	188	206	186	194	167	177	176	184	185	195	198	192	177	165	168	166	158	140	137	129	111	91	80	69	69	70	57	42	50	49	40	0	14	42	33	58	79	95	99	103	130	157	148	125	134	155	146	157	142	134	129	85	147	201	138	22
55	128	91	60	79	74	63	54	67	86	86	89	101	106	106	89	87	96	128	140	158	167	167	176	188	206	186	194	167	181	181	191	190	202	202	199	184	167	170	168	160	142	139	131	113	93	84	71	73	74	63	48	54	35	26	14	0	28	41	65	83	100	106	108	130	157	152	132	141	162	153	164	149	139	134	85	147	201	140	36
56	120	63	32	51	46	35	26	39	58	58	61	73	78	78	61	59	68	100	112	130	139	139	148	160	178	158	166	139	153	153	170	162	181	174	180	176	171	191	196	188	170	167	159	141	121	112	99	101	102	91	76	82	63	54	42	28	0	13	93	109	113	99	80	102	129	124	121	131	141	145	156	141	139	147	57	119	173	168	64
57	111	76	45	55	41	30	21	26	45	53	56	68	73	73	56	54	63	95	107	125	134	134	143	155	173	153	161	134	148	148	165	157	176	169	175	167	162	182	183	175	157	154	146	128	108	100	86	89	90	81	66	70	50	44	33	41	13	0	80	98	104	90	71	97	124	119	113	122	136	136	147	132	130	138	52	114	168	155	55
58	63	124	120	106	92	93	99	90	71	67	77	75	98	118	84	73	64	124	118	154	154	154	160	175	193	173	181	140	119	118	126	127	137	140	134	119	114	134	144	142	131	107	94	103	83	72	61	61	62	57	57	42	30	46	58	65	93	80	0	21	37	41	45	86	101	90	67	76	97	88	99	84	76	71	97	134	143	116	61
59	45	108	104	90	76	77	83	74	55	51	61	59	82	102	68	57	48	108	100	138	136	136	142	157	175	155	163	122	101	100	108	109	119	122	116	101	96	116	124	122	111	87	74	84	64	84	76	82	83	78	75	63	48	66	79	83	109	98	21	0	17	23	29	68	83	72	49	58	79	70	81	66	56	51	81	116	125	96	79
60	43	112	108	94	80	81	87	78	59	55	65	63	86	106	72	61	52	112	106	142	142	142	151	163	181	161	169	135	114	100	102	109	113	130	108	93	88	108	107	105	94	70	57	67	47	67	59	77	84	87	92	78	65	83	95	100	113	104	37	17	0	40	33	74	96	85	62	61	77	68	75	58	39	34	85	122	138	79	96
61	22	98	94	80	66	67	73	64	45	41	51	49	72	92	58	47	38	98	77	116	113	113	119	134	152	132	140	99	78	77	85	86	96	99	93	78	73	93	110	114	103	79	68	94	87	107	99	102	103	98	98	83	71	87	99	106	99	90	41	23	40	0	19	45	60	49	26	35	56	47	58	43	41	50	71	93	102	88	102
62	40	79	75	61	47	48	54	45	26	22	32	30	53	73	39	28	19	79	73	109	109	109	118	130	148	128	136	102	92	92	101	101	112	113	111	96	91	111	128	132	121	97	86	100	80	100	92	106	107	102	102	87	75	91	103	108	80	71	45	29	33	19	0	41	68	63	42	51	73	65	76	61	59	67	52	89	116	106	106
63	41	95	97	78	64	72	76	74	55	47	52	57	76	91	54	43	34	70	32	71	68	68	77	89	107	87	95	61	51	51	68	60	79	72	78	80	91	111	128	133	122	98	87	113	121	141	133	147	148	143	143	128	116	132	130	130	102	97	86	68	74	45	41	0	27	22	19	32	39	49	60	61	60	69	70	48	75	107	147
64	55	112	121	102	91	99	103	101	82	74	79	84	85	106	81	70	61	66	30	68	64	64	73	85	103	83	91	59	47	31	48	39	59	60	58	73	102	105	122	141	136	112	101	127	139	159	155	162	163	158	158	143	131	147	157	157	129	124	101	83	96	60	68	27	0	18	34	37	44	55	66	73	74	83	85	44	58	121	162
65	45	117	119	100	86	94	98	96	77	69	74	79	98	113	76	65	56	81	43	82	79	71	70	89	109	90	103	50	29	29	46	38	57	50	56	68	86	100	117	135	124	100	91	117	129	149	144	151	152	147	147	132	120	136	148	152	124	119	90	72	85	49	63	22	18	0	23	30	26	37	48	57	64	73	92	59	53	109	151
66	22	114	116	97	83	90	95	87	68	64	71	72	95	110	73	62	53	89	51	90	87	87	93	108	126	106	114	73	52	52	63	61	74	73	73	61	72	92	109	114	103	79	68	94	106	126	121	128	129	124	124	109	97	113	125	132	121	113	67	49	62	26	42	19	34	23	0	13	34	30	41	42	41	50	89	67	76	88	128
67	18	127	126	110	96	99	105	96	77	73	83	81	104	123	86	75	66	102	64	103	100	100	100	119	139	119	127	80	59	42	50	51	61	72	60	51	66	83	100	110	99	75	64	90	102	122	120	133	138	133	133	118	106	122	134	141	131	122	76	58	61	35	51	32	37	30	13	0	22	22	31	36	37	46	102	80	83	84	137
68	34	134	136	117	103	111	115	113	94	86	91	96	115	130	93	82	73	107	69	108	105	96	95	114	134	115	128	75	43	23	40	32	51	53	50	44	62	76	93	112	103	79	73	102	111	131	133	142	151	154	154	139	127	143	155	162	141	136	97	79	77	56	73	39	44	26	34	22	0	16	24	36	46	58	109	85	66	88	158
69	25	144	140	126	112	113	119	110	91	87	97	95	118	138	103	92	83	118	80	119	116	108	107	126	146	127	140	87	59	39	38	48	49	69	46	31	49	63	80	98	87	63	57	86	95	115	117	126	135	145	145	130	118	134	146	153	145	136	88	70	68	47	65	49	55	37	30	22	16	0	11	20	30	42	117	96	82	72	149
70	36	155	151	137	123	124	130	121	102	98	108	106	129	149	114	103	94	129	91	130	127	109	108	127	147	128	141	88	56	44	27	45	38	66	35	20	38	52	69	88	80	60	63	86	101	121	123	132	141	151	156	141	129	145	157	164	156	147	99	81	75	58	76	60	66	48	41	31	24	11	0	17	36	48	128	107	79	65	160
71	21	140	136	122	108	109	115	106	87	83	93	91	114	134	100	89	80	131	93	132	129	126	125	144	164	145	156	105	73	59	44	62	55	83	50	35	30	50	67	78	67	43	46	69	84	104	106	115	124	134	141	125	114	130	142	149	141	132	84	66	58	43	61	61	73	57	42	36	36	20	17	0	19	31	113	109	96	52	145
72	19	138	134	120	106	107	113	104	85	81	91	89	112	132	98	87	78	130	92	131	128	128	134	149	167	147	155	114	89	69	63	78	74	99	69	54	49	69	75	73	62	38	27	56	65	85	87	96	105	115	123	106	104	122	134	139	139	130	76	56	39	41	59	60	74	64	41	37	46	30	36	19	0	13	111	108	112	47	135
73	28	146	142	128	114	115	121	112	93	89	99	97	120	140	106	95	86	139	101	140	137	137	143	158	176	156	164	123	101	81	75	90	86	111	81	66	54	74	73	71	60	36	23	44	61	81	83	92	101	111	119	102	99	117	129	134	147	138	71	51	34	50	67	69	83	73	50	46	58	42	48	31	13	0	119	117	124	45	130
74	92	27	36	17	11	24	31	44	40	30	20	25	21	21	18	27	36	43	55	73	82	82	91	103	121	101	109	82	114	116	133	124	144	135	143	148	143	163	180	184	173	149	138	152	132	152	138	141	142	133	118	122	102	96	85	85	57	52	97	81	85	71	52	70	85	92	89	102	109	117	128	113	111	119	0	62	116	158	107
75	89	89	98	79	73	86	93	106	95	84	77	64	41	68	63	74	82	22	16	24	20	20	29	41	59	39	47	20	52	72	81	63	92	73	91	106	135	138	155	174	170	146	135	161	169	189	181	195	196	191	180	176	164	158	147	147	119	114	134	116	122	93	89	48	44	59	67	80	85	96	107	109	108	117	62	0	54	155	169
76	98	143	152	133	127	140	147	149	130	122	127	118	95	122	117	118	109	76	63	78	69	44	35	54	74	62	75	34	24	43	52	34	62	20	62	77	106	109	126	145	148	137	139	160	177	197	197	204	205	200	200	185	173	189	201	201	173	168	143	125	138	102	116	75	58	53	76	83	66	82	79	96	112	124	116	54	0	133	204
77	66	185	181	167	153	154	160	151	132	128	138	136	159	179	145	134	125	177	139	178	175	163	162	181	201	182	195	142	110	98	81	99	78	120	71	56	27	30	28	26	15	9	30	27	47	67	69	78	87	97	105	88	105	116	138	140	168	155	116	96	79	88	106	107	121	109	88	84	88	72	65	52	47	45	158	155	133	0	119
78	124	127	96	110	96	85	76	81	100	108	111	123	128	128	111	109	118	150	162	180	189	189	198	210	228	208	216	189	180	179	187	188	197	201	190	175	146	149	147	139	121	118	110	92	72	61	50	50	51	35	20	31	31	19	22	36	64	55	61	79	96	102	106	147	162	151	128	137	158	149	160	145	135	130	107	169	204	119	0
