  0 2 3 4 5 6 7 
0 27 44 17 11 27 42 99999 
2 44 0 19 99999 27 32 99999 
3 17 19 0 14 99999 99999 99999 
4 11 99999 14 0 13 20 99999 
5 27 27 99999 13 0 9 21 
6 42 32 99999 20 9 0 13 
7 99999 99999 99999 99999 21 13 0 
  0 2 3 4 5 6 7 
0 22 
2 36 0 
3 17 19 0 
4 11 33 14 0 
5 24 27 27 13 0 
6 31 32 34 20 9 0 
7 44 45 47 33 21 13 0 
   0 -->   3-->   2
   0 -->   3
   0 -->   4
   0 -->   4-->   5
   0 -->   4-->   6
   0 -->   4-->   6-->   7

   2 -->   3-->   0
   2 -->   3
   2 -->   3-->   4
   2 -->   5
   2 -->   6
   2 -->   6-->   7

   3 -->   0
   3 -->   2
   3 -->   4
   3 -->   4-->   5
   3 -->   4-->   6
   3 -->   4-->   6-->   7

   4 -->   0
   4 -->   3-->   2
   4 -->   3
   4 -->   5
   4 -->   6
   4 -->   6-->   7

   5 -->   4-->   0
   5 -->   2
   5 -->   4-->   3
   5 -->   4
   5 -->   6
   5 -->   7

   6 -->   4-->   0
   6 -->   2
   6 -->   4-->   3
   6 -->   4
   6 -->   5
   6 -->   7

   7 -->   6-->   4-->   0
   7 -->   6-->   2
   7 -->   6-->   4-->   3
   7 -->   6-->   4
   7 -->   5
   7 -->   6

