function y= dQ(x)
k1 = 0.0434004280;
k3 = 0.0000099110;
y=k1+3*k3*x^2;