function y=rQ(x)
%q为实际容量
k0 = 0.6830575556;
k1 = 0.0434004280;

k3 = 0.0000099110;


y=k0 + k1 * x + k3 * x.^3;