y2=[ 31.1333   45.3333   24.4667   21.3333   21.0000   24.0000   23.3333   34.6667   25.8667   39.9667   37.6667   25.0000   40.1667   25.0000 27.6667]%观测值

 y1=[  31.3333   46.3333   23.6667   22.3333   22.0000   25.0000   22.3333   33.6667   25.6667   39.6667   36.6667   27.0000   40.6667   26.0000  29.6667]%平均值
