% 求方程的0点
% 即初始时刻的时间
% t为要求的解的初值
% 0.27为要求的X值
function fx=getX(t)
fx=0.34*t-0.8448/(1200*0.0032)*(log(1200*0.0032*0.34*t+0.8448))+0.8448/(1200*0.0032)*log(0.8448)-0.027;


%调用方式:
%z=fzero('getX',0.5);
%z即为0点处的t值