paixu=[
0.60801  0.93022  2
0.81963  0.86086  3
0.8643   0.93023  4
0.85314  0.93257  5
0.81935  0.87708  6
0.70007  0.83251  7
0.83255  0.89064  8
0.78585  0.85451  9
0.83639  0.89174  10
0.6824   0.96822  11
0.84479  0.93243  12];
