paixu=[
0.60801   0.93022  1
0.55057   0.88107  3
0.61663   0.912    4
0.6030   0.8814    5
0.5855   0.86548   6
0.35001  0.66254   7
0.56338  0.89981   8
0.44753  0.78612   9
0.5644  0.89734    10
0.80958  0.90157   11
0.53465  0.85246   12];

