paixu=[
0.81963  0.86086  1
0.55057  0.88107  2
0.85798  0.95094  4
0.90611  0.95383  5
0.89032  0.94741  6
0.74751  0.86901  7
0.87663  0.95667  8
0.84505  0.91239  9
0.89769   0.95722  10
0.6471   0.94863   11
0.91100  0.96483   12];
