paixu=[
0.8643  0.93023 1
0.61663  0.912  2
0.85798  0.95094  3
0.89684 0.93544   4
0.85002 0.91047   6
0.66278 0.80532   7
0.85171 0.93666   8
0.76337 0.89919   9
0.86769    0.93585  10
0.7322   0.94205    11
0.82789 0.93100    12];

