paixu=[
0.85314 0.93257  1
0.6030  0.8814   2
0.90611  0.95383  3
0.89684  0.93544  4
0.92046  0.97432  5
0.69767  0.78981  7
0.89484  0.96151 8
0.8089   0.91125  9
0.92135  0.93695  10
0.70051  0.94565  11
0.88033 0.95373   12];






