paixu=[
0.81935  0.87708  1
0.5855  0.86548   2
0.89032  0.94741  3
0.85002  0.91047  4
0.92046  0.97432  5
0.71998  0.76581  7
0.84818  0.94046  8
0.8309  0.88774   9
0.91959  0.93162  10
0.68233  0.95215  11
0.90714  0.95566  12];




