paixu=[
0.83255 0.89064  1
0.56338 0.89981  2
0.87663 0.95667  3
0.85171 0.93666  4
0.89484 0.96151  5
0.84818 0.94046  6
0.7722  0.87882  7
0.83672 0.92227  9
0.88453 0.94882  10
0.64478 0.9046   11
0.85661 0.93444  12];





