paixu=[
0.6824 0.96822   1
0.80958 0.90157  2 
0.6471 0.94863   3
0.7322 0.94205   4
0.70051 0.94565  5
0.68233 0.95215  6
0.42703 0.7258   7 
0.64478 0.9046   8
0.53791 0.85772  9
0.66268 0.93232  10
0.58711 0.87076  12];

