paixu=[
0.6826  0.91875    1
0.6573  0.9452     2
0.5434  0.9478     3
0.6823  0.9521     4
0.4341  0.8459     5
0.4270  0.7258     6
0.5126  0.8135     7
0.5466  0.8876     8
0.6627   0.9323    9
0.3170  0.8211    10
0.4665    0.8707  11
0.7364    0.9536  12
0.6225    0.9081  13
0.5443    0.8925  14
0.7019    0.9266  15
0.4890    0.7982  16
0.6944    0.9047  17
0.6448    0.9046  18
0.5379    0.8577  19
0.3934    0.8325  20
0.4537    0.7857  22
];