paixu=[
0.70007  0.83251  1
0.35001  0.66254  2
0.74751  0.86901  3
0.66278  0.80532  4
0.69767  0.78981  5
0.71998  0.76581  6
0.7722  0.87882   8
0.88655  0.91309  9
0.78676  0.86816  10
0.42703  0.7258  11
0.82814  0.9046  12];



