paixu=[
0.78585  0.85451   1
0.44753  0.78612   2 
0.84505  0.91239   3
0.76337  0.89919   4
0.8089  0.91125    5
0.8309  0.88774    6
0.88655  0.91309   7
0.83672  0.92227   8
0.88375  0.95031   10
0.53791  0.85772   11
0.93159  0.95695   12];



