paixu=[
0.83639 0.89174    1
0.5644 0.89734     2
0.89769   0.95722  3
0.86769    0.93585 4
0.92135  0.93695   5
0.91959  0.93162   6
0.78676  0.86816   7
0.88453  0.94882   8
0.88375  0.95031   9
0.66268	 0.93232   11
0.9195   0.95982   12];

