paixu=[
0.7158   0.85485  1
0.7963    0.9290  2
0.8725  0.9495    3
0.7703  0.8631    4
0.8968   0.9447   5
0.9134    0.9451  6
0.9085    0.9620  7
0.8599  0.9521    8
0.7898    0.9266  9
0.8399    0.9655  10
0.8269    0.9472  11
0.6868    0.8263  12
0.8308    0.9416  13
0.8716    0.9657  14
0.7005    0.9141  15
0.9266    0.9663  16
0.3658    0.9381  17
0.8020    0.9223  18
0.8931    0.9360  19
0.9030    0.9497  20
0.4537    0.7857  21];
