%Ñù±¾µ¯Í·t3-1811345

paixu=[
0.84479 0.93243  1
0.53465 0.85246  2
0.91100 0.96483  3
0.82789 0.93100  4
0.88033 0.95373  5
0.90714 0.95566  6
0.82814 0.9046   7
0.85661 0.93444  8
0.93159 0.95695  9
0.9195  0.95982  10
0.58711 0.87076  11];

